Cm=52089.595938615166
Ith=47.523801185662684
tao=53.301311436814345
sc=73358.3155270375
alpha=[0.0006815859884565045, 0.001363171976913009, 0.002044757965369514, 0.002726343953826018, 0.003407929942282523, 0.004089515930739028, 0.004771101919195532, 0.005452687907652036]
bet=0.8454686130669101
delta1=0.8434380827178395
Idep_ini=3.0
Idep_ini_vr=0.675278345524355
psi=0.128021531574903
time scale=44.95635592461314
A=0.7442444441935567
B=-1.6456459299877837
C=0.18207040419231024
alpha=2.6574323785367806