Cm=60173.735251953425
Ith=22.41994404201963
tao=82.25422598283903
sc=52472.102116850874
alpha=[0.0009528873054991066, 0.0019057746109982132, 0.00285866191649732, 0.0038115492219964265, 0.004764436527495533, 0.00571732383299464, 0.0066702111384937465]
bet=0.8562052563261102
delta1=0.8548094458592169
Idep_ini=1.5
Idep_ini_vr=1.2903363061409268
psi=0.12448716859232886
time scale=70.31168933196943
A=1.703921936744743
B=-3.4521755043745888
C=0.2359158798576209
alpha=51.188167478712394