I_monod_sup = 775.0
I_monod_inf = 75.0
t_val_max   = 638.40000000139 - 0.574400000003434*I
t_val_min   = 124.500000000000
