Cm=88126.38705610011
Ith=21.382234591901913
tao=81.5429993015886
sc=88527.26695202258
alpha=[0.000564797736578692, 0.001129595473157384, 0.0016943932097360764, 0.002259190946314768, 0.0028239886828934605, 0.0033887864194721527, 0.0039535841560508446, 0.004518381892629536, 0.005083179629208229, 0.005647977365786921, 0.006212775102365613, 0.0067775728389443055, 0.007342370575522997, 0.007907168312101689, 0.008471966048680382, 0.009036763785259073, 0.009601561521837765, 0.010166359258416458, 0.01073115699499515]
bet=0.7926583002262314
delta1=0.7919898178637699
Idep_ini=0
Idep_ini_vr=17.696155446883978
psi=0.20148028792539882
time scale=64.58122516493067
A=2.0002536923336645
B=-1.1478265360377538
C=16.742933880662868
alpha=7.79801755522476