Cm=68503.60737746171
Ith=3.490515800674463
tao=70.81577716303454
sc=62748.116110861585
alpha=[0.0007968366717442389, 0.0015936733434884778, 0.0023905100152327168, 0.0031873466869769555, 0.003984183358721195, 0.0047810200304654335, 0.005577856702209672, 0.006374693373953911]
bet=0.9742586893968972
delta1=0.9741232245046632
Idep_ini=1.5
Idep_ini_vr=1.0512482625356756
psi=0.011302563474703849
time scale=68.98329319585889
A=1.0641742838339008
B=-1.423447391035148
C=0.30875086281770586
alpha=7.31532331014434